Call RRC Connection Procedure RRC Connection Time [sec]
0.076739
0.080357
0.112008
0.06715
0.067265
0.073164
0.056953
0.072238
0.067845
0.06625
0.070621
0.047092
0.070447
0.057636
0.071219
0.056314
0.066439
0.065176
0.075937
0.0665
0.078665
0.070579
0.065898
0.071205
0.0511
0.068151
0.051735
0.050808
0.070874
0.068936
0.075245
0.048347
0.06962
0.060182
0.069323
0.048702
0.066552
0.066697
0.065104
0.056203
0.079622
0.069504
0.060976
0.072674
0.06526
0.067413
0.057771
0.066914
0.066756
0.073071
0.057585
0.065541
0.064233
0.065875
0.072354
0.058024
0.073905
0.065472
0.074272
0.058478
0.068713
0.075766
0.047619
0.072096
0.053278
0.073574
0.067741
0.072638
0.056602
0.068188
0.058975
0.071353
0.0641
0.06959
0.053245
0.077023
0.069612
0.052069
0.070383
0.0507
0.056731
0.070144
0.056934
0.066141
0.066475
0.06792
0.066524
0.065174
0.076706
0.069181
0.063831
0.072746
0.062909
0.076025
0.057202
0.072962
0.066536
0.072531
0.067468
0.066834
0.066191
0.074491
0.068203
0.06778
0.065835
0.075784
0.051577
0.069237
0.070539
0.056951
0.069955
0.065063
0.06449
0.067324
0.077202
0.065509
0.072744
0.074396
0.052004
0.066758
0.071857
0.057224
0.070746
0.065041
0.066362
0.051884
0.069684
0.065503
0.06814
0.047357
0.068973
0.05036
0.079692
0.067911
0.050826
0.076398
0.056387
0.073655
0.06347
0.05059
0.07098
0.05766
0.066984
0.056835
0.070522
0.066695
0.074251
0.065001
0.073455
0.054337
0.066767
0.065058
0.071821
0.074514
0.068112
0.068772
0.068629
0.051647
0.068208
0.079498
0.066586
0.066823
0.065342
0.067501
0.06673
0.067319
0.074583
0.06843
0.073523
0.066378
0.063111
0.054465
0.067687
0.057514
0.067603
0.066498
0.072487
0.051887
0.07383
0.061484
0.078934
0.067621
0.066185
0.069185
0.057977
0.065119
0.068383
0.071769
0.066728
0.073976
0.06674
0.068313
0.066556
0.067626
0.051578
0.073886
0.052282
0.067616
0.056937
0.081594
0.068951
0.065439
0.073799
0.051313
0.070475
0.065135
0.069539
0.067991
0.068026
0.066339
0.067303
0.066779
0.070077
0.067799
0.07625
0.065521
0.069018
0.051513
0.072404
0.066711
0.072073
0.06727
0.077
0.073948
0.057903
0.068113
0.064537
0.064113
0.051941
0.068827
0.067245
0.073085
0.068609
0.06672
0.066733
0.06821
0.106687
0.066028
0.067235
0.077193
0.068559
0.065648
0.062114
0.070132
0.066115
0.076454
0.080634
0.075847
0.065636
0.070846
0.065704
0.06652
0.073787
0.06593
0.0723
0.057937
0.0646
0.061247
0.069875
0.066282
0.074457
0.067698
0.082192
0.074518
0.057822
0.070022
0.057766
0.073661
0.075132
0.05172
0.070101
0.068112
0.072415
0.051247
0.064585
0.067807
0.075611
0.057506
0.069088
0.051978
0.073479
0.066688
0.067143
0.051275
0.064699
0.056318
0.063156
0.057291
0.07151
0.056497
0.073869
0.067847
0.058536
0.071228
0.058735
0.070425
0.05874
0.068389
0.056176
0.089657
0.069325
0.052456
0.069651
0.067727
0.074794
0.067841
0.066563
0.065023
0.06694
0.074844
0.065859
0.064831
0.074384
0.056768
0.076539
0.080237
0.067578
0.052108
0.052181
0.069168
0.066186
0.057888
0.06675
0.049603
0.064724
0.069988
0.071789
0.071752
0.051259
0.06892
0.059651
0.069262
0.068699
0.048447
0.070275
0.06023
0.073884
0.062853
0.071967
0.0616
0.071507
0.068344
0.056731
0.075517
0.057779
0.070817
0.061486
0.076056
0.051606
0.070818
0.055173
0.073565
0.067317
0.069174
0.067161
0.065245
0.062774
0.075894
0.074113
0.06981
0.06758
0.058504
0.063723
0.058466
0.071692
0.067805
0.065558
0.078892
0.064329
0.064161
0.063802
0.05756
0.068932
0.057696
0.067475
0.067236
0.070496
0.06629
0.078238
0.068026
0.073401
0.058654
0.069575
0.067944
0.066831
0.054792
0.065254
0.057186
0.06799
0.067402
0.070667
0.062777
0.080047
0.051091
0.081741
0.074626
0.056734
0.065088
0.05729
0.070637
0.052096
0.072232
0.066387
0.071946
0.065698
0.074361
0.067026
0.06715
0.056299
0.068674
0.064385
0.065293
0.052514
0.07726
0.072107
0.056009
0.072239
0.072855
0.0531
0.071696
0.056805
0.075551
0.070548
0.067026
0.071385
0.057659
0.071748
0.069192
0.064451
0.077012
0.073541
0.068949
0.067327
0.057746
0.067859
0.050592
0.065202
0.047612
0.068344
0.057994
0.078075
0.051562
0.067241
0.057774
0.065509
0.067576
0.067284
0.062838
0.067711
0.070689
0.064365
0.052581
0.064648
0.056729
0.077179
0.063038
0.062217
0.067684
0.069648
0.06479
0.063441
0.065123
0.072417
0.068384
0.070754
0.058422
0.069403
0.067531
0.066677
0.05202
0.079875
0.051277
0.074647
0.068023
0.068415
0.074186
0.068293
0.06664
0.06515
0.072787
0.052861
0.062663
0.074961
0.076342
0.056679
0.063092
0.072851
0.063464
0.062857
0.071895
0.062179
0.064157
0.052884
0.064781
0.063679
0.068131
0.061072
0.069466
0.063119
0.071764
0.062525
0.074669
0.067732
0.05305
0.062917
0.064161
0.067512
0.061982
0.082458
0.071417
0.06625
0.066195
0.07369
0.073943
0.070298
0.061482
0.066556
0.063267
0.072008
0.06436
0.070076
0.052332
0.065314
0.057392
0.075501
0.074659
0.06644
0.057764
0.079459
0.068131
0.057939
0.064111
0.056829
0.074378
0.052689
0.064568
0.053348
0.072231
0.054403
0.063095
0.053078
0.063176
0.069945
0.067982
0.06321
0.068482
0.063086
0.072248
0.047572
0.06421
0.048437
0.063091
0.066019
0.07276
0.047423
0.081343
0.074819
0.066671
0.063079
0.064139
0.063086
0.063186
0.061364
0.069143
0.050594
0.07193
0.053104
0.111687
0.057435
0.064592
0.077266
0.068221
0.067621
0.068769
0.062107
0.072407
0.070061
0.072287
0.06269
0.070208
0.063036
0.067779
0.060579
0.072712
0.057563
0.07438
0.048786
0.073001
0.053418
0.072272
0.062175
0.071834
0.072753
0.072925
0.067101
0.073208
0.070943
0.061187
0.072478
0.065121
0.053072
0.071698
0.063874
0.072845
0.068326
0.073664
0.076614
0.071054
0.063623
0.076537
0.057126
0.072716
0.053243
0.066965
0.072717
0.069813
0.062974
0.07106
0.083483
0.069169
0.056526
0.066867
0.048153
0.071184
0.055647
0.068123
0.055685
0.070062
0.071938
0.068614
0.057873
0.064007
0.055782
0.071458
0.062544
0.071651
0.061524
0.067972
0.073149
0.077016
0.067218
0.058093
0.072211
0.057934
0.066274
0.052103
0.06416
0.063461
0.06708
0.063733
0.075092
0.063275
0.07723
0.065194
0.064218
0.067214
0.048307
0.066516
0.053806
0.065314
0.072101
0.064292
0.058055
0.066216
0.051212
0.066225
0.061969
0.072547
0.062899
0.065886
0.051544
0.070721
0.051173
0.07116
0.051334
0.071915
0.072713
0.066532
0.067692
0.055704
0.072273
0.072626
0.072445
0.069214
0.063265
0.071838
0.052839
0.068232
0.052643
0.064855
0.057329
0.066708
0.063498
0.063825
0.071542
0.067193
0.063147
0.072663
0.073359
0.071909
0.06242
0.069662
0.067846
0.067444
0.052948
0.067811
0.067678
0.068394
0.061703
0.065623
0.063186
0.068901
0.052951
0.068352
0.062964
0.067539
0.067137
0.062589
0.06644
0.071293
0.064827
0.063138
0.067185
0.069935
0.05296
0.066888
0.0492
0.072685
0.053515
0.071613
0.052768
0.071163
0.052892
0.077706
0.056992
0.069748
0.066982
0.052066
0.067863
0.047703
0.065443
0.048895
0.065294
0.063267
0.064758
0.05747
0.064221
0.065145
0.071848
0.068218
0.078098
0.056354
0.073192
0.073107
0.064142
0.048251
0.07019
0.056639
0.064594
0.056766
0.065626
0.063485
0.066487
0.047984
0.068863
0.069716
0.06805
0.053993
0.066284
0.062792
0.067994
0.062491
0.069615
0.075629
0.074827
0.053585
0.075034
0.063506
0.06589
0.048863
0.068807
0.057493
0.075411
0.053339
0.068299
0.055454
0.079187
0.076416
0.072355
0.073561
0.069761
0.073117
0.069277
0.065063
0.067152
0.056163
0.072348
0.062062
0.065201
0.048908
0.071281
0.071324
0.066067
0.062791
0.073089
0.065552
0.066852
0.073113
0.065807
0.057182
0.063942
0.05125
0.06994
0.051359
0.068024
0.060039
0.071123
0.052022
0.062836
0.058292
0.070923
0.052942
0.067085
0.073055
0.067673
0.066958
0.064698
0.052063
0.071721
0.057844
0.071185
0.063371
0.064269
0.053662
0.06576
0.052884
0.068901
0.064653
0.0682
0.066736
0.069911
0.054984
0.074429
0.057199
0.074739
0.069837
0.063173
0.066481
0.072799
0.065072
0.048315
0.066057
0.066057
0.068425
0.072291
0.072566
0.067583
0.073412
0.06137
0.063007
0.063346
0.071591
0.067705
0.071337
0.06324
0.066443
0.068666
0.063
0.064684
0.072241
0.063643
0.064344
0.052791
0.066074
0.053688
0.070607
0.062745
0.077957
0.070608
0.06779
0.067862
0.077715
0.067462
0.063096
0.070501
0.073333
0.07683
0.063759
0.054209
0.067233
0.062876
0.068113
0.063819
0.06482
0.069863
0.063083
0.065105
0.060882
0.071145
0.062575
0.070961
0.05322
0.072665
0.057279
0.071265
0.054755
0.070075
0.066109
0.071027
0.070949
0.052592
0.066657
0.053842
0.064823
0.049169
0.065291
0.052537
0.067955
0.065354
0.075122
0.063046
0.067983
0.051896
0.067197
0.05134
0.074804
0.067684
0.055558
0.067956
0.054806
0.064598
0.057697
0.068109
0.051069
0.069158
0.063778
0.063055
0.06851
0.057324
0.074755
0.063766
0.06308
0.047912
0.069635
0.071575
0.065487
0.052983
0.072522
0.053182
0.068464
0.054378
0.071398
0.063239
0.069166
0.067791
0.075875
0.071242
0.069986
0.058492
0.065534
0.066244
0.074512
0.067062
0.064084
0.050087
0.069945
0.062368
0.070451
0.063396
0.071228
0.055892
0.067495
0.064469
0.063759
0.068012
0.076064
0.072782
0.063214
0.068189
0.062986
0.063257
0.054126
0.068501
0.063341
0.072673
0.063051
0.071141
0.062978
0.072094
0.064516
0.065065
0.065313
0.057851
0.067139
0.053043
0.063682
0.047334
0.068741
0.064746
0.075809
0.058202
0.079957
0.066601
0.050808
0.069862
0.052804
0.067353
0.051461
0.073779
0.056807
0.066098
0.072449
0.072278
0.062682
0.071399
0.056921
0.070256
0.067106
0.075649
0.071477
0.058069
0.068119
0.067121
0.068283
0.067801
0.070762
0.057117
0.074688
0.068226
0.071123
0.056249
0.066799
0.054304
0.063979
0.067842
0.07209
0.053065
0.070037
0.057164
0.068876
0.063384
0.067169
0.057203
0.065569
0.062124
0.074154
0.059361
0.05759
0.067075
0.065422
0.06985
0.056363
0.074164
0.058041
0.066737
0.052842
0.064825
0.06295
0.064182
0.072538
0.07627
0.076242
0.068628
0.067134
0.075922
0.063075
0.066207
0.076792
0.072824
0.062873
0.067347
0.047538
0.06741
0.052898
0.074258
0.066169
0.070303
0.058031
0.074038
0.056032
0.065096
0.056263
0.052323
0.062594
0.065895
0.073117
0.052836
0.068274
0.062735
0.069918
0.06512
0.073625
0.067434
0.068458
0.053633
0.07221
0.063227
0.065007
0.067297
0.07232
0.058157
0.064048
0.071253
0.069655
0.072277
0.053549
0.063547
0.052586
0.063727
0.05773
0.072211
0.06075
0.068779
0.058173
0.062156
0.064308
0.052301
0.075609
0.060709
0.07278
0.067071
0.07428
0.067025
0.066834
0.062289
