5G-NR RRC CallConnectionControl RRCConnectionProcedure RRCSetupTime [sec]
0.14
0.114
0.109
0.171
0.107
0.109
0.126
0.164
0.099
0.126
0.134
0.1
0.176
0.153
0.124
0.1
0.138
0.129
0.101
0.174
0.136
0.169
0.137
0.121
0.1
0.14
0.188
0.1
0.107
0.1
0.172
0.134
0.099
0.099
0.171
0.172
0.099
0.124
0.113
0.099
0.172
0.112
0.219
0.113
0.158
0.11
0.1
0.125
0.121
0.1
0.119
0.128
0.101
0.1
0.172
0.17
0.1
0.171
0.129
0.124
0.113
0.145
0.099
0.124
0.096
0.099
0.167
0.159
0.139
0.113
0.136
0.1
0.121
0.13
0.1
0.122
0.103
0.099
0.167
0.124
0.1
0.154
0.119
0.101
0.123
0.092
0.1
0.136
0.111
0.101
0.166
0.142
0.123
0.119
0.124
0.1
0.119
0.106
0.099
0.12
0.123
0.1
0.169
0.096
0.1
0.169
0.113
0.099
0.12
0.107
0.139
0.135
0.114
0.1
0.165
0.131
0.1
0.142
0.107
0.1
0.107
0.123
0.1
0.119
0.162
0.099
0.166
0.108
0.139
0.128
0.101
0.099
0.135
0.152
0.12
0.133
0.162
0.099
0.1
0.145
0.1
0.165
0.106
0.1
0.118
0.096
0.101
0.133
0.122
0.1
0.165
0.115
0.1
0.165
0.123
0.1
0.135
0.122
0.17
0.117
0.119
0.101
0.163
0.126
0.1
0.149
0.117
0.1
0.114
0.12
0.099
0.113
0.165
0.101
0.154
0.097
0.104
0.146
0.102
0.099
0.115
0.138
0.1
0.132
0.102
0.18
0.164
0.111
0.11
0.161
0.116
0.099
0.127
0.1
0.1
0.179
0.108
0.1
0.147
0.138
0.101
0.159
0.115
0.099
0.126
0.129
0.1
0.113
0.103
0.1
0.162
0.147
0.121
0.12
0.129
0.113
0.122
0.123
0.146
0.109
0.19
0.121
0.1
0.242
0.118
0.099
0.162
0.104
0.1
0.13
0.171
0.099
0.113
0.119
0.1
0.162
0.167
0.1
0.177
0.108
0.1
0.128
0.165
0.1
0.127
0.127
0.1
0.161
0.157
0.101
0.16
0.093
0.1
0.112
0.138
0.099
0.107
0.096
0.1
0.172
0.134
0.139
0.197
0.092
0.1
0.127
0.161
0.099
0.108
0.101
0.093
0.11
0.143
0.105
0.123
0.127
0.118
0.15
0.18
0.122
0.1
0.179
0.164
0.11
0.158
0.113
0.139
0.122
0.165
0.1
0.121
0.123
0.1
0.109
0.103
0.11
0.117
0.1
0.157
0.168
0.1
0.109
0.123
0.099
0.11
0.115
0.123
0.127
0.111
0.124
0.126
0.116
0.114
0.099
0.125
0.128
0.11
0.124
0.114
0.138
0.117
0.136
0.1
0.157
0.1
0.1
0.109
0.144
0.1
0.107
0.17
0.119
0.145
0.112
0.1
0.154
0.167
0.123
0.117
0.118
0.099
0.107
0.101
0.169
0.153
0.137
0.1
0.138
0.149
0.14
0.184
0.12
0.148
0.11
0.182
0.095
0.101
0.161
0.119
0.1
0.152
0.095
0.099
0.175
0.108
0.1
0.102
0.112
0.17
0.154
0.15
0.11
0.153
0.106
0.1
0.103
0.106
0.119
0.106
0.097
0.1
0.152
0.11
0.1
0.151
0.116
0.099
0.12
0.154
0.1
0.103
0.103
0.139
0.138
0.143
0.1
0.152
0.167
0.175
0.1
0.12
0.156
0.1
0.186
0.181
0.11
0.152
0.162
0.1
0.15
0.09
0.099
0.117
0.145
0.109
0.118
0.109
0.11
0.134
0.118
0.1
0.148
0.101
0.1
0.118
0.166
0.17
0.182
0.1
0.1
0.133
0.137
0.1
0.15
0.108
0.1
0.107
0.147
0.102
0.101
0.093
0.1
0.165
0.13
0.1
0.149
0.115
0.115
0.117
0.124
0.135
0.1
0.177
0.091
0.15
0.167
0.1
0.148
0.097
0.151
0.12
0.099
0.138
0.1
0.099
0.092
0.105
0.145
0.106
0.1
0.146
0.167
0.101
0.219
0.149
0.1
0.098
0.165
0.099
0.145
0.098
0.17
0.13
0.093
0.1
0.099
0.173
0.17
0.1
0.176
0.128
0.109
0.159
0.143
0.15
0.168
0.1
0.11
0.157
0.139
0.137
0.152
0.099
0.144
0.14
0.1
0.146
0.1
0.11
0.102
0.1
0.096
0.173
0.154
0.1
0.144
0.162
0.1
0.142
0.167
0.1
0.176
0.149
0.099
0.111
0.15
0.1
0.138
0.105
0.1
0.143
0.092
0.1
0.176
0.182
0.142
0.1
0.111
0.167
0.101
0.142
0.149
0.1
0.223
0.122
0.11
0.175
0.141
0.099
0.094
0.168
0.1
0.141
0.142
0.1
0.142
0.097
0.1
0.106
0.137
0.1
0.172
0.15
0.1
0.138
0.155
0.1
0.122
0.152
0.1
0.164
0.097
0.26
0.147
0.158
0.1
0.123
0.133
0.1
0.123
0.159
0.1
0.105
0.135
0.1
0.168
0.093
0.1
0.139
0.132
0.1
0.123
0.144
0.1
0.168
0.162
0.109
0.154
0.1
0.218
0.1
0.1
0.121
0.159
0.099
0.168
0.111
0.1
0.169
0.17
0.1
0.15
0.143
0.098
0.137
0.169
0.101
0.17
0.106
0.099
0.166
0.102
0.1
0.136
0.136
0.18
0.137
0.16
0.195
0.158
0.145
0.1
0.168
0.132
0.1
0.149
0.141
0.15
0.171
0.1
0.103
0.112
0.099
0.165
0.167
0.1
0.135
0.148
0.11
0.119
0.173
0.15
0.1
0.166
0.106
0.1
0.166
0.079
0.1
0.135
0.144
0.099
0.117
0.152
0.099
0.094
0.149
0.099
0.167
0.167
0.101
0.133
0.1
0.099
0.132
0.106
0.11
0.155
0.14
0.1
0.166
0.104
0.1
0.129
0.126
0.1
0.094
0.1
0.161
0.107
0.1
0.176
0.163
0.101
0.129
0.099
0.101
0.133
0.163
0.1
0.178
0.141
0.1
0.243
0.105
0.15
0.1
0.132
0.145
0.099
0.113
0.139
0.1
0.163
0.15
0.148
0.1
0.176
0.165
0.1
0.13
0.161
0.1
0.13
0.116
0.1
0.161
0.158
0.1
0.155
0.135
0.1
0.126
0.152
0.099
0.113
0.169
0.1
0.098
0.147
0.099
0.161
0.14
0.1
0.207
0.099
0.1
0.129
0.145
0.12
0.167
0.147
0.1
0.158
0.158
0.109
0.144
0.116
0.103
0.1
0.128
0.153
0.1
0.166
0.147
0.1
0.16
0.16
0.11
0.116
0.111
0.1
0.125
0.094
0.101
0.158
0.107
0.1
0.136
0.1
0.124
0.168
0.1
0.126
0.146
0.1
0.159
0.106
0.17
0.157
0.161
0.12
0.125
0.105
0.099
0.126
0.137
0.101
0.158
0.129
0.1
0.155
0.152
0.1
0.138
0.149
0.101
0.124
0.142
0.1
0.236
0.104
0.149
0.145
0.155
0.1
0.122
0.15
0.1
0.123
0.146
0.1
0.157
0.131
0.119
0.172
0.135
0.1
0.123
0.165
0.099
0.105
0.13
0.1
0.171
0.162
0.099
0.155
0.174
0.155
0.1
0.124
0.127
0.1
0.121
0.157
0.18
0.164
0.132
0.1
0.154
0.145
0.11
0.121
0.163
0.1
0.12
0.144
0.1
0.167
0.141
0.1
0.167
0.161
0.1
0.108
0.129
0.1
0.121
0.161
0.101
0.167
0.121
0.1
0.151
0.122
0.1
0.12
0.146
0.098
0.12
0.139
0.1
0.169
0.131
0.1
0.158
0.131
0.1
0.119
0.16
0.1
0.12
0.122
0.11
0.15
0.106
0.1
0.153
0.131
0.1
0.118
0.108
0.1
0.115
0.122
0.119
0.152
0.234
0.109
0.147
0.14
0.1
0.103
0.108
0.1
0.117
0.138
0.1
0.15
0.094
0.12
0.145
0.154
0.1
0.113
0.168
0.1
0.117
0.095
0.1
0.164
0.137
0.1
0.166
0.103
0.1
0.116
0.149
0.099
0.117
0.166
0.1
0.147
0.162
0.1
0.148
0.132
0.1
0.116
0.099
0.179
0.101
0.147
0.1
0.176
0.149
0.099
0.148
0.122
0.1
0.112
0.15
0.1
0.114
0.108
0.12
0.147
0.146
0.1
0.24
0.157
0.1
0.116
0.141
0.11
0.114
0.154
0.1
0.237
0.114
0.1
0.243
0.15
0.1
0.114
0.116
0.109
0.103
0.126
0.1
0.162
0.154
0.1
0.16
0.108
0.1
0.111
0.101
0.101
0.112
0.125
0.1
0.145
0.094
0.103
0.143
0.114
0.1
0.111
0.155
0.1
0.112
0.144
0.1
0.143
0.144
0.1
0.123
0.13
0.11
0.109
0.12
0.112
0.117
0.11
0.158
0.093
0.112
0.099
0.144
0.142
0.1
0.111
0.119
0.11
0.256
0.121
0.128
0.11
0.156
0.12
0.099
0.159
0.177
0.11
0.1
0.18
0.113
0.1
0.11
0.141
0.1
0.142
0.165
0.1
0.142
0.125
0.151
0.1
0.111
0.156
0.173
0.11
0.115
0.165
0.101
0.147
0.147
0.1
0.154
0.145
0.14
0.1
0.109
0.119
0.11
0.153
0.1
0.144
0.154
0.111
0.1
0.146
0.102
0.1
0.107
0.154
0.11
0.108
0.124
0.11
0.156
0.133
0.115
0.146
0.159
0.1
0.106
0.166
0.099
0.106
0.14
0.098
0.126
0.114
0.1
0.156
0.171
0.1
0.12
0.152
0.1
0.17
0.105
0.11
0.155
0.147
0.1
0.138
0.107
0.13
0.1
0.104
0.143
0.11
0.169
0.106
0.099
0.153
0.141
0.1
0.169
0.108
0.11
0.183
0.09
0.1
0.106
0.117
0.1
0.138
0.15
0.1
0.136
0.107
0.101
0.1
0.105
0.095
0.1
0.105
0.132
0.1
0.137
0.122
0.1
0.153
0.091
0.1
0.102
0.13
0.12
0.167
0.108
0.241
0.12
0.142
0.113
0.1
0.137
0.131
0.1
0.104
0.099
0.102
0.121
0.12
0.146
0.147
0.112
0.099
0.131
0.126
0.11
0.104
0.106
0.119
0.165
0.128
0.103
0.12
0.14
0.106
0.115
0.134
0.128
0.121
0.173
0.158
0.1
0.117
0.114
0.1
0.151
0.17
0.099
0.13
0.122
0.1
0.102
0.107
0.1
0.101
0.138
0.181
0.133
0.213
0.1
0.132
0.148
0.1
0.101
0.159
0.099
0.179
0.117
0.1
0.144
0.127
0.099
0.132
0.111
0.1
0.177
0.143
0.119
0.098
0.145
0.11
0.147
0.11
0.1
0.131
0.129
0.109
0.181
0.123
0.1
0.1
0.166
0.161
0.115
0.1
0.115
0.112
0.1
0.132
0.169
0.109
0.233
0.131
0.11
0.161
0.123
0.1
0.146
0.166
0.123
0.1
0.131
0.138
0.099
0.096
0.097
0.102
0.176
0.13
0.12
0.13
0.108
0.109
0.115
0.123
0.1
0.1
0.153
0.11
0.166
0.105
0.17
0.14
0.139
0.1
0.118
0.108
0.12
0.175
0.143
0.1
0.097
0.118
0.1
0.127
0.162
0.12
0.128
0.143
0.119
0.159
0.113
0.1
0.16
0.128
0.11
0.144
0.135
0.1
0.124
0.123
0.1
0.177
0.156
0.11
0.151
0.118
0.1
0.128
0.14
0.18
0.128
0.124
0.17
0.175
0.117
0.109
0.176
0.108
0.173
0.121
0.136
0.099
0.127
0.245
0.131
0.111
0.175
0.141
0.1
0.163
0.094
0.18
0.127
0.147
0.1
0.141
0.166
0.099
0.156
0.113
0.099
0.173
0.171
0.1
0.117
0.119
0.17
0.185
0.112
0.109
0.175
0.131
0.109
0.172
0.136
0.11
0.14
0.097
0.1
0.122
0.104
0.11
0.19
0.466
0.11
0.176
0.1
0.11
0.139
0.168
0.099
0.125
0.105
0.099
0.172
0.156
0.121
0.157
0.131
0.11
0.13
0.169
0.099
0.124
0.219
0.1
0.169
0.1
0.1
0.171
0.12
0.1
0.14
0.1
0.1
0.124
0.095
0.106
0.1
0.092
0.138
0.099
0.171
0.101
0.1
0.124
0.115
0.179
0.122
0.115
0.1
0.169
0.152
0.1
0.171
0.123
0.114
0.1
0.121
0.168
0.1
0.134
0.179
0.1
0.167
0.123
0.1
0.168
0.141
0.18
0.103
0.162
0.119
0.179
0.104
0.179
0.1
0.17
0.11
0.1
0.169
0.104
0.099
0.12
0.152
0.1
0.122
0.124
0.1
0.171
0.126
0.1
0.17
0.099
0.1
0.119
0.143
0.1
0.202
0.165
0.109
0.168
0.105
0.1
0.166
0.156
0.1
0.12
0.142
0.1
0.119
0.164
0.1
0.169
0.094
0.1
0.15
0.17
0.18
0.137
0.122
0.1
0.12
0.176
0.1
0.159
0.122
0.099
0.227
0.155
0.1
0.128
0.12
0.12
0.114
0.097
0.1
0.165
0.137
0.099
0.167
0.149
0.1
0.456
0.126
0.1
0.133
0.116
0.11
0.1
0.167
0.151
0.1
0.166
0.126
0.1
0.116
0.128
0.099
0.117
0.17
0.1
0.167
0.129
0.1
0.162
0.195
0.099
0.118
0.135
0.1
0.116
0.098
0.1
0.167
0.092
0.1
0.162
0.153
0.18
0.118
0.109
0.124
0.1
0.117
0.146
0.119
0.162
0.164
0.1
0.163
0.106
0.099
0.115
0.121
0.179
0.1
0.156
0.098
0.164
0.119
0.1
0.144
0.235
0.1
0.116
0.103
0.099
0.106
0.094
0.1
0.147
0.144
0.099
0.161
0.098
0.1
0.131
0.128
0.1
0.132
0.139
0.1
0.163
0.103
0.1
0.161
0.162
0.141
0.099
0.113
0.169
0.1
0.115
